["```py\n>.libPaths()\n\n```", "```py\n\"C:/Program Files/R/R-3.3.1/library\"\n\n```", "```py\n>library()\n\n```", "```py\n>install.packages(\"Package\")\n\n```", "```py\n>install.packages(\"ggplot2\")\n>install.packages(\"forecast\")\n\n```", "```py\n>install.packages(\"ggplot2\", lib=\"/data/Rpackages/\")\n>library(ggplot2, lib.loc=\"/data/Rpackages/\")\n\n```", "```py\n     >a <- \"hello\"\n     >print(class(a))\n\n    ```", "```py\n     [1] \"character\"\n\n    ```", "```py\n     >a <- 2.5\n     >print(class(a))\n\n    ```", "```py\n     [1] \"numeric\"\n\n    ```", "```py\n     >a <- 6L\n     >print(class(a))\n\n    ```", "```py\n     [1] \"integer\"\n\n    ```", "```py\n     >a <- 1 + 2i\n     >print(class(a))\n\n    ```", "```py\n     [1] \"complex\"\n\n    ```", "```py\n     >a <- TRUE\n    >print(class(a))\n\n    ```", "```py\n    [1] \"logical\"\n\n    ```", "```py\n>a<-\"Quantitative\" \n>b<-\"Finance\" \n>c(a,b) \n\n```", "```py\n[1] \"Quantitative\" \"Finance\"   \n\n```", "```py\n>Var<-c(1,2,3) \n>Var \n\n```", "```py\n[1] 1 2 3 \n\n```", "```py\n#Create a List and print it \n>List1 = list(c(4,5,6),\"Hello\", 24.5) \n>print(List1) \n\n```", "```py\n[[1]] \n[1] 4 5 6 \n\n[[2]] \n[1] \"Hello\" \n\n[[3]] \n[1] 24.5 \n\n```", "```py\n>print(List1[2]) \n\n```", "```py\n[[1]] \n[1] \"Hello\" \n\n```", "```py\n>list1 <- list(5,6,7) \n>list2 <- list(\"a\",\"b\",\"c\") \n>Combined_list <-c(list1,list2) \n>print(Combined_list) \n\n```", "```py\n[[1]] \n[1] 5 \n\n[[2]] \n[1] 6 \n\n[[3]] \n[1] 7 \n\n[[4]] \n[1] \"a\" \n\n[[5]] \n[1] \"b\" \n\n[[6]] \n[1] \"c\" \n\n```", "```py\n>M <- matrix(c(1,2,3,4,5,6), nrow = 2, ncol = 3) \n>print(M) \n\n```", "```py\n     [,1] [,2] [,3] \n[1,]    1    3    5 \n[2,]    2    4    6 \n\n```", "```py\n>a <- array(c(4,5),dim = c(3,3,2)) \n>print(a) \n\n```", "```py\n, , 1 \n     [,1] [,2] [,3] \n[1,]    4    5    4 \n[2,]    5    4    5 \n[3,]    4    5    4 \n\n, , 2 \n\n     [,1] [,2] [,3] \n[1,]    5    4    5 \n[2,]    4    5    4 \n[3,]    5    4    5 \n\n```", "```py\n>a <-c(2,3,4,2,3) \n>fact <-factor(a) \n>print(fact) \n>print(nlevels(fact)) \n\n```", "```py\n[1] 2 3 4 2 3 \nLevels: 2 3 4 \n[1] 3 \n\n```", "```py\n>data <-data.frame( \n>+Name = c(\"Alex\", \"John\", \"Bob\"), \n>+Age = c(18,20,23), \n>+Gender =c(\"M\",\"M\",\"M\") \n>+) \n>print(data) \n\n```", "```py\n  Name Age Gender \n1 Alex  18      M \n2 John  20      M \n3  Bob  23      M \n\n```", "```py\n>print (getwd()) \n\n```", "```py\n>setwd(\"\") \n\n```", "```py\n  >setwd(\"C:/Users\") \n\n```", "```py\n>data<-read.csv(\"Sample.csv\") \n>print(data) \n\n```", "```py\n       Date    Open    High     Low   Close     Volume     Adj.Close \n1  14-10-2016 2139.68 2149.19 2132.98 2132.98 3228150000   2132.98 \n2  13-10-2016 2130.26 2138.19 2114.72 2132.55 3580450000   2132.55 \n3  12-10-2016 2137.67 2145.36 2132.77 2139.18 2977100000   2139.18 \n4  11-10-2016 2161.35 2161.56 2128.84 2136.73 3438270000   2136.73 \n5  10-10-2016 2160.39 2169.60 2160.39 2163.66 2916550000   2163.66 \n\n```", "```py\n>print(is.data.frame(data)) \n\n```", "```py\n>write.csv(data,\"result.csv\") \n>output <- read.csv(\"result.csv\") \n>print(output) \n\n```", "```py\n>install.packages(\"xlsx\")\n\n```", "```py\n>any(grepl(\"xlsx\",installed.packages()))\n\n```", "```py\n[1] TRUE\nLoading required package: rJava\nLoading required package: methods\nLoading required package: xlsxjars\n\n```", "```py\n>library(\"xlsx\") \n\n```", "```py\n>data <- read.xlsx(\"Sample.xlsx\", sheetIndex = 1) \n>print(data) \n\n```", "```py\n       Date    Open    High     Low   Close     Volume    Adj.Close \n1 2016-10-14 2139.68 2149.19 2132.98 2132.98 3228150000   2132.98 \n2 2016-10-13 2130.26 2138.19 2114.72 2132.55 3580450000   2132.55 \n3 2016-10-12 2137.67 2145.36 2132.77 2139.18 2977100000   2139.18 \n4 2016-10-11 2161.35 2161.56 2128.84 2136.73 3438270000   2136.73 \n5 2016-10-10 2160.39 2169.60 2160.39 2163.66 2916550000   2163.66 \n\n```", "```py\n>output<-write.xlsx(data,\"result.xlsx\") \n>output<- read.csv(\"result.csv\") \n>print(output) \n\n```", "```py\nURL <- \"http://ichart.finance.yahoo.com/table.csv?s=^GSPC\" \nsnp <- as.data.frame(read.csv(URL)) \nhead(snp) \n\n```", "```py\n        Date    Open    High     Low   Close     Volume   Adj.Close \n1 2016-10-14 2139.68 2149.19 2132.98 2132.98 3228150000   2132.98 \n2 2016-10-13 2130.26 2138.19 2114.72 2132.55 3580450000   2132.55 \n3 2016-10-12 2137.67 2145.36 2132.77 2139.18 2977100000   2139.18 \n4 2016-10-11 2161.35 2161.56 2128.84 2136.73 3438270000   2136.73 \n5 2016-10-10 2160.39 2169.60 2160.39 2163.66 2916550000   2163.66 \n6 2016-10-07 2164.19 2165.86 2144.85 2153.74 3619890000   2153.74 \n\n```", "```py\n>URL <- \"http://ichart.finance.yahoo.com/table.csv?s=^DJI\" \n>dji <- as.data.frame(read.csv(URL)) \n>head(dji) \n\n```", "```py\n        Date     Open     High      Low    Close   Volume  Adj.Close \n1 2016-10-14 18177.35 18261.11 18138.38 18138.38 87050000  18138.38 \n2 2016-10-13 18088.32 18137.70 17959.95 18098.94 83160000  18098.94 \n3 2016-10-12 18132.63 18193.96 18082.09 18144.20 72230000  18144.20 \n4 2016-10-11 18308.43 18312.33 18061.96 18128.66 88610000  18128.66 \n5 2016-10-10 18282.95 18399.96 18282.95 18329.04 72110000  18329.04 \n6 2016-10-07 18295.35 18319.73 18149.35 18240.49 82680000  18240.49 \n\n```", "```py\n>install.packages(\"RMySQL\")\n\n```", "```py\n>mysqlconnection = dbConnect(MySQL(), user = '...', password = '...', dbname = '..',host = '.....')\n\n```", "```py\n>dbListTables(mysqlconnection)\n\n```", "```py\n>result = dbSendQuery(mysqlconnection, \"select * from <table name>\") \n>data.frame = fetch(result) \n>print(data.fame) \n\n```", "```py\n>4+5 \n\n```", "```py\n[1] 9 \n\n```", "```py\n4+5 \n4-5 \n4*5 \n\n```", "```py\n>function_name<-function(arg1, arg2,...){ \n>+function body \n>+} \n\n```", "```py\n>print(mean(25:82)) \n[1] 53.5 \n>print(sum(41:68)) \n[1] 1526 \n\n```", "```py\n>findingSqrFunc<-function(value){ \n>+for(j in 1:value){ \n>+sqr<-j^2 \n>+print(sqr) \n>+} \n>+} \n\n```", "```py\n>findingSqrFunc(4) \n\n```", "```py\n[1] 1 \n[1] 4 \n[1] 9 \n[1] 16 \n\n```", "```py\n>Function_test<-function(){ \n>+ for(i in 1:3){ \n>+ print(i*5) \n>+ } \n>+ } \n>Function_test() \n\n```", "```py\n[1] 5 \n[1] 10 \n[1] 15 \n\n```", "```py\n            >Function_test<-function(a,b,c){ \n            >+ result<-a*b+c \n            >+ print(result) \n            >+ } \n\n    ```", "```py\n            >Function_test(2,3,4) \n            [1] 10 \n\n    ```", "```py\n            >Function_test(c=4,b=3,a=4) \n\n    ```", "```py\n[1] 16 \n\n```", "```py\n            >print(getwd()) \n\n    ```", "```py\n            >setwd(\"D:/Rcode\")  \n\n    ```", "```py\n            >Source('firstprogram.r') \n\n    ```", "```py\n  a<-5 \nprint(a) \n\n```", "```py\n#this is comment in my program. \n\n```", "```py\nif (expression) { \n   statement \n} \n\n```", "```py\n>x<-5 \n>if(x>0) \n>+ { \n>+ print(\" I am Positive\") \n>+ } \n\n```", "```py\nif(expression){ \n   statement1 \n} else { \n   statement2 \n} \n\n```", "```py\n> x<--5 \n> if(x>0) \n>+ { \n>+ print(\" I am Positive\") \n>+ }else \n>+{ \n>+ print(\" I am Negative\") \n>+} \n\n```", "```py\nfor (val in sequence) { \n    statement \n} \n\n```", "```py\n>Var <- c(3,6,8,9,11,16) \n>counter <- 0 \n>for (val in Var) { \n>+    if(val %% 2 != 0)  counter = counter+1 \n>+} \nprint(counter) \n\n```", "```py\nwhile (expression) { \n   statement \n} \n\n```", "```py\n>Var <- c(\"Hello\") \n>counter <- 4 \n>while (counter < 7) { \n>+   print(Var) \n>+   counter = counter+ 1 \n>+} \n\n```", "```py\n> sample = matrix(c(1:10), nrow = 5 , ncol = 2) \n> apply(sample, 1,sum) \n\n```", "```py\n> sapply(1:5, function(x) x^3) \n\n```", "```py\n>Vec <- c(\"Hello\") \n>counter <- 5 \n>repeat { \n>+   print(Vec) \n>+   counter <- counter + 1 \n>+   if(counter > 8) { \n>+      break \n>+   } \n>+} \n\n```", "```py\n>Vec <- c(2,3,4,5,6) \n>for ( i in Vec) { \n>+   if (i == 4) { \n>+      next \n>+   } \n>+   print(i) \n>+} \n\n```"]